aying	aying	玛丽亚--阿赢	aying7333	26
cc456852	cc456852	玛丽亚--嘴角	456852	0
jiu	jiu	玛丽亚--Sallos	liuyixin	0
ajian	ajian	玛丽亚--阿剑	871900415	1
qiqi	qiqi	玛利亚--七七	qiqi	2
mumu	mumu	玛利亚--木才	mumu	1
mitai	mitai	玛利亚--迷肽	mitai	0
mie	mie	微微安--o丶咩灬	mie	0
luoye	luoye	玛利亚-落叶	luoye	1
83513251	83513251	玛丽亚--阿赢	aying	49
174086265	174086265	月妙-冰黎	174086265	0
274585790	274585790	玛丽亚--糖果	73834328	6
530690848	530690848	微微安--o丶咩灬	530690848	3
798370983	798370983	玛丽亚--大巨片	798370983	0
862779797	862779797	薇薇安-芯茹	862779797	0
876928427	876928427	766家族版块管理	876928427	0
1018574331	1018574331	玛丽亚伤不起岚	1018574331	0
1051591160	1051591160	玛丽亚--蔓延	1051591160	0
681451	681451	玛丽亚--眯茜	681451	0
1036058	1036058	薇薇安-方砖秒	1036058	0
1653957	1653957	薇薇安-陶 	1653957	0
2216665	2216665	玛丽亚--屁孩	2216665	0
3690590	3690590	玛丽亚--Sallos	3690590	15
5696859	5696859	玛丽亚--黑珍珠	5696859	0
8972955	8972955	玛利亚神秘梦龙	8972955	0
9041942	9041942	玛丽亚　　　溺	9041942	0
10023304	10023304	薇薇安-夕颜	10023304	0
12774987	12774987	玛丽亚--窗户	12774987	0
18172760	18172760	玛丽亚-艾菲尔	18172760	0
18480857	18480857	玛丽亚--小九	18480857	0
19549374	19549374	玛丽亚--MXD	19549374	0
22925315	22925315	玛丽亚--死神	22925315	0
23226533	23226533	玛丽亚--晨曦	23226533	0
23445268	23445268	玛丽亚--搁浅	23445268	0
23461957	23461957	玛利亚-音	23461957	0
32556108	32556108	玛利亚--小妹	32556108	0
34042944	34042944	玛利亚-无名人	34042944	0
41293585	41293585	玛利亚-紫竹	41293585	0
42043001	42043001	玛利亚--暴风	42043001	0
44413651	44413651	玛丽亚-图图	44413651	0
46003225	46003225	玛利亚-夜央	46003225	0
48796960	48796960	玛利亚-佛光照	48796960	0
50020878	50020878	玛丽亚--尜v	50020878	0
53684289	53684289	玛丽亚-木偶	53684289	0
57172196	57172196	玛丽亚-梅根KILL	57172196	0
58577165	58577165	玛利亚--脸蛋	58577165	0
58900865	58900865	薇薇安-xx	58900865	0
63788786	63788786	玛利亚-ㄨZwwㄨ	63788786	0
63945461	63945461	玛丽亚紫梦破碎	63945461	0
65723922	65723922	玛丽亚-朵朵	65723922	0
66102422	66102422	薇薇安-大米	66102422	0
66430339	66430339	薇薇安-魅茵	66430339	0
66517010	66517010	玛利亚-风季丶	66517010	0
68768043	68768043	玛丽亚----大 叔	68768043	0
76402443	76402443	玛利亚-毛毛	76402443	0
77149414	77149414	玛利亚-公园	77149414	0
77757031	77757031	薇薇安-白起	77757031	0
78391267	78391267	QQ	78391267	0
79419718	79419718	玛丽亚--神马	79419718	0
79563664	79563664	玛利亚--7	79563664	0
80480336	80480336	玛丽亚--小狗	80480336	0
80602868	80602868	玛丽亚不可思议	80602868	0
83360846	83360846	请假条	83360846	0
83486243	83486243	玛丽亚--兔子	83486243	0
84233360	84233360	微微安 - 米	84233360	0
84927119	84927119	玛丽亚-旋律	84927119	0
87847506	87847506	微微安-瑶瑶	87847506	0
87952094	87952094	玛丽亚-青	87952094	0
88478462	88478462	玛丽亚-小路人	88478462	0
89541047	89541047	玛丽亚--Daisy	89541047	0
93217530	93217530	玛利亚-幽灵	93217530	0
97515353	97515353	玛利亚-夜光	97515353	0
97518447	97518447	玛丽亚-诱惑	97518447	0
99522430	99522430	玛利亚-阿怪	99522430	0
100011156	100011156	薇薇安-{情	100011156	0
100214299	100214299	玛丽亚-A叔	100214299	0
100309123	100309123	薇薇安--雪落	100309123	0
104590230	104590230	玛丽亚--小黑	104590230	0
110172110	110172110	玛丽亚-艾美丽	110172110	0
110706706	110706706	玛利亚彼岸花开	110706706	0
113204633	113204633	玛丽亚--聪姐	113204633	0
116250132	116250132	玛丽亚--默默	116250132	0
123439459	123439459	玛利亚―蜗牛	123439459	0
123445165	123445165	玛丽亚--铞铞	123445165	0
136593164	136593164	玛利亚--小w	136593164	1
137067557	137067557	玛利亚--路飞	137067557	0
137759624	137759624	玛丽亚-仁碳	137759624	0
139993625	139993625	玛丽亚--danger	139993625	0
153083501	153083501	玛丽亚--悠嘻	153083501	0
153486425	153486425	玛丽亚--重击	153486425	0
154872330	154872330	玛利亚-黯Y	154872330	0
164432262	164432262	玛丽亚-mixbox	164432262	0
168717398	168717398	玛丽亚--Angav	168717398	0
170396435	170396435	玛利亚越叫越兽	170396435	0
171605358	171605358	玛利亚--琪琪	171605358	0
172955887	172955887	玛利亚--臭	172955887	0
174032625	174032625	玛利亚--娃娃	174032625	0
174907134	174907134	玛丽亚--魔障	174907134	0
175579135	175579135	玛丽亚--狮王	175579135	0
176688686	176688686	玛利亚--害虫	176688686	0
176879736	176879736	玛利亚--雨珊	176879736	0
180283206	180283206	玛丽亚--雨点	180283206	0
182104920	182104920	玛丽亚-骑士	182104920	0
185335777	185335777	玛利亚-Zz大迷糊	185335777	0
188349865	188349865	玛利亚 翟神 	188349865	0
200604461	200604461	 玛丽亚--侯小林	200604461	0
215753361	215753361	玛丽亚-奇b	215753361	0
234198311	234198311	玛丽亚--九幽	234198311	0
236267228	236267228	玛利亚--狂龙	236267228	0
240176347	240176347	玛丽亚--龙泽	240176347	0
243392097	243392097	代练卖挂 淡定	243392097	0
243645944	243645944	玛丽亚-豆子	243645944	0
243726387	243726387	玛利亚-云星寒	243726387	0
244159296	244159296	玛丽亚-圣之侠	244159296	0
244849576	244849576	玛丽亚--小燃、	244849576	0
249453871	249453871	玛丽亚--後羿	249453871	0
250669879	250669879	玛丽亚--~	250669879	0
251275787	251275787	玛丽亚--VicToriar	251275787	0
251772834	251772834	玛丽亚_.灏甜	251772834	0
252225764	252225764	玛丽亚--苏苏	252225764	0
252518137	252518137	玛丽亚恋芯城	252518137	0
252788144	252788144	玛丽亚--馒头	252788144	0
253616313	253616313	玛丽亚-走了	253616313	0
253774864	253774864	玛丽亚--沫尘	253774864	0
258073551	258073551	玛丽亚--成魔	258073551	0
258079725	258079725	玛丽亚-嘉宏-	258079725	0
258226595	258226595	玛利亚-白骨	258226595	0
262393194	262393194	玛丽亚-夜店	262393194	0
263491704	263491704	玛丽亚--机器人	263491704	0
263690440	263690440	玛丽亚--西米	263690440	0
263981563	263981563	玛丽亚-继天v5	263981563	0
269599654	269599654	玛丽亚-- 嘴角笑	269599654	0
269790875	269790875	憨厚--卖挂	269790875	0
270115170	270115170	玛丽亚--阿凯	270115170	0
271289430	271289430	玛丽亚-白纸	271289430	0
273227402	273227402	薇薇安-灰太狼	273227402	1
274648894	274648894	薇薇安--晓雨	274648894	0
274920106	274920106	玛丽亚-超越者	274920106	0
276100851	276100851	玛丽亚--太子	276100851	0
277122610	277122610	微微安-嘟嘟嘴	277122610	0
278880925	278880925	玛丽亚--柒克箭	278880925	0
279221150	279221150	玛丽亚--年华	279221150	0
279756195	279756195	玛丽亚粉色钱夹	279756195	0
280110773	280110773	玛利亚终身骄傲	280110773	0
281526968	281526968	玛丽亚-凉兮	281526968	0
281929585	281929585	玛丽亚-小路飞	281929585	0
282484876	282484876	玛丽亚--小磊	282484876	0
284020259	284020259	玛利亚-困了	284020259	0
286251723	286251723	玛利亚-清晨	286251723	0
286933189	286933189	玛丽亚--剑痕	286933189	0
287601372	287601372	玛丽亚--魔皇	287601372	0
289020872	289020872	薇薇安-小三	289020872	0
290033256	290033256	玛丽亚--狂野	290033256	0
290097821	290097821	玛丽亚-小泽	290097821	0
290594973	290594973	玛丽亚-不渝	290594973	0
290608794	290608794	玛丽亚--笑傲	290608794	0
290935840	290935840	薇薇安-weilongL	290935840	0
294681843	294681843	玛丽亚-微微	294681843	0
295758687	295758687	玛丽亚-Out灬Man	295758687	0
302797170	302797170	玛丽亚--绝恋	302797170	0
303804538	303804538	玛丽亚--代号	303804538	0
304840724	304840724	玛丽亚-木头	304840724	0
308118427	308118427	玛利亚--朽木	308118427	0
308402786	308402786	玛利亚-寐魇	308402786	0
308448695	308448695	玛丽亚_.无奈 	308448695	0
309610865	309610865	玛丽亚--坤坤	309610865	0
314911926	314911926	玛丽亚--颓废	314911926	0
315305721	315305721	薇薇安-苹果4代	315305721	1
316533260	316533260	玛丽亚-哈R王子	316533260	0
317178221	317178221	玛利亚-忆	317178221	0
327220581	327220581	玛利亚-Jerry	327220581	0
327589319	327589319	玛丽亚-黑骑士	327589319	0
327937750	327937750	玛丽亚--路虎	327937750	0
328214191	328214191	玛利亚-大叔	328214191	0
328407077	328407077	玛丽亚科普爱聊	328407077	0
328449282	328449282	玛丽亚--陌路	328449282	0
330780218	330780218	玛利亚--粉碎者	330780218	0
331304288	331304288	玛利亚-Ber	331304288	0
332565535	332565535	薇薇安-BOY	332565535	0
335735619	335735619	玛丽亚--帅极了	335735619	0
342168644	342168644	玛丽亚--宠儿	342168644	0
342298435	342298435	玛丽亚--NKS飞儿	342298435	0
343138171	343138171	玛利亚-新来的	343138171	0
343266227	343266227	玛利亚-豆豆酱	343266227	0
344123104	344123104	玛丽亚-飞飞	344123104	0
344270211	344270211	玛利亚-芋	344270211	0
344355456	344355456	玛利亚--小天	344355456	0
344580816	344580816	Marian-姆鑫弟鑫	344580816	0
344724788	344724788	玛丽亚-- 老花花	344724788	0
345994562	345994562	玛利亚--冰	345994562	0
347202547	347202547	玛丽亚-独行侠	347202547	0
347319461	347319461	玛利亚--天国	347319461	0
347725543	347725543	玛利亚-绯红	347725543	0
347801862	347801862	玛丽亚山寨没名	347801862	0
348036848	348036848	My Love	348036848	0
348994173	348994173	玛利亚--Ellesse	348994173	0
349276139	349276139	玛利亚-大黑	349276139	0
349486324	349486324	玛利亚-迷糊熊	349486324	1
350045258	350045258	玛利亚--小于	350045258	1
350686196	350686196	玛利亚-Eriose丶	350686196	0
351756064	351756064	玛利亚--七七	351756064	1
353860104	353860104	玛丽亚--玖夜	353860104	0
358634594	358634594	玛丽亚-吐槽	358634594	0
362258946	362258946	薇薇安-萌猫slary	362258946	0
362682146	362682146	玛丽亚--鸡鸡	362682146	0
363336947	363336947	玛丽亚--GT	363336947	0
363370653	363370653	玛丽亚-神灯	363370653	0
363616186	363616186	玛丽亚-虫虫	363616186	0
364017614	364017614	薇薇安-熙佑	364017614	0
370784564	370784564	玛丽亚-RMS	370784564	0
371104212	371104212	薇薇安-昵称丶PA	371104212	0
372400132	372400132	①岁爱波菜	372400132	0
373187843	373187843	玛利亚-蛋蛋	373187843	0
376181076	376181076	玛利亚-清晨	376181076	0
376300249	376300249	玛丽亚--沧月	376300249	0
376336581	376336581	薇薇安--o丶嗬灬	376336581	0
376870143	376870143	玛利亚-Hero	376870143	2
380032176	380032176	玛利亚-丝竹	380032176	0
381145637	381145637	 玛丽亚--弑天	381145637	0
381379029	381379029	玛丽亚-彼岸灬-	381379029	0
382560708	382560708	玛利亚--卖个号	382560708	0
383481623	383481623	玛利亚--Oceans	383481623	0
383998102	383998102	玛利亚-木瓜	383998102	0
386861979	386861979	玛丽亚--贝贝	386861979	0
389431743	389431743	微微安--Ace丶kwon	389431743	0
390607841	390607841	玛利亚--五千	390607841	0
392852069	392852069	玛丽亚--洗澡	392852069	0
393101798	393101798	玛丽亚--桑兮	393101798	0
393207519	393207519	玛丽亚--绿茶	393207519	0
393494220	393494220	玛丽亚--暖猫	393494220	0
393682359	393682359	玛利亚-冰冰	393682359	0
394366562	394366562	玛丽亚-上官颜	394366562	0
395302153	395302153	玛利亚 落叶	395302153	0
395579608	395579608	微微安杀戮圣宴	395579608	0
398035667	398035667	玛丽亚-霸主	398035667	0
398123310	398123310	薇薇安―丑皇	398123310	0
401417237	401417237	玛丽亚--紫川	401417237	0
403885839	403885839	玛丽亚--聆听	403885839	0
404198126	404198126	玛利亚―蝎子	404198126	0
406132421	406132421	薇薇安嚣张恶魔	406132421	0
407851431	407851431	玛丽亚知心爱人	407851431	0
410001267	410001267	玛利亚-璐璐	410001267	0
413317880	413317880	玛利亚-守护	413317880	0
413489929	413489929	玛丽亚--不懂	413489929	0
414837027	414837027	玛丽亚--丶臭屁	414837027	0
415019230	415019230	玛丽亚卖币老八	415019230	0
415103817	415103817	玛丽亚-无名人	415103817	0
415803133	415803133	玛利亚-左右	415803133	0
418613225	418613225	玛丽亚--结弦	418613225	0
418914316	418914316	玛丽亚--小锦州	418914316	0
418945527	418945527	玛丽亚-ひO	418945527	0
419703523	419703523	玛利亚-西爵	419703523	0
425104870	425104870	玛利亚--菲菲	425104870	0
425325895	425325895	玛丽亚--思绪控	425325895	0
435781604	435781604	玛利亚--.小垦丁	435781604	0
441676168	441676168	玛利亚--R7ing	441676168	0
441723962	441723962	玛丽亚-西红柿	441723962	0
441759025	441759025	玛丽亚--小雪	441759025	0
442669391	442669391	玛丽亚-尾戒	442669391	0
442903108	442903108	薇薇安-韬 	442903108	0
447816578	447816578	玛丽亚--batista宁	447816578	0
449305010	449305010	 玛丽亚--明倬宇	449305010	0
451498561	451498561	玛利亚--X灬飞	451498561	0
455503866	455503866	玛丽亚-- 丶	455503866	0
459587957	459587957	玛利亚--待懂	459587957	0
461321469	461321469	玛利亚--唯一	461321469	0
461363894	461363894	玛丽亚--果酱	461363894	0
461840462	461840462	玛利亚--空头	461840462	0
463411438	463411438	玛丽亚--龙神	463411438	0
464073477	464073477	玛丽亚--小顺	464073477	0
464182146	464182146	玛丽亚--雨辰	464182146	0
466432875	466432875	玛利亚―大佐	466432875	0
470875160	470875160	玛丽亚--阿翼	470875160	0
472134426	472134426	玛丽亚--左手	472134426	0
472844465	472844465	微微安-/kb晓风	472844465	0
474760750	474760750	玛利亚-花残为	474760750	0
475008746	475008746	玛丽亚--神一心	475008746	2
475255090	475255090	玛丽亚-浅淡	475255090	0
477696325	477696325	玛丽亚-迷茫	477696325	0
493534709	493534709	薇薇安--夜光丶	493534709	0
493638614	493638614	玛利亚--小龙人	493638614	0
494676422	494676422	玛丽亚-番茄	494676422	0
495055958	495055958	玛利亚―浅层次	495055958	0
496919124	496919124	玛利亚--/dy熟褐	496919124	3
498877743	498877743	淘宝-MXD专业卖G	498877743	0
499312448	499312448	玛丽亚--幕肆丶	499312448	0
499917990	499917990	玛丽亚--小宝	499917990	0
502538303	502538303	薇薇安-坑die	502538303	0
502848381	502848381	玛丽亚--战魂	502848381	0
503224276	503224276	玛丽亚--娉娉	503224276	0
504159265	504159265	玛丽亚-小怪兽	504159265	0
505495936	505495936	玛丽亚--特仑苏	505495936	0
506458005	506458005	玛利亚-噬灬心	506458005	0
509869697	509869697	玛丽亚--潇洒	509869697	0
510366975	510366975	玛丽亚--温暖	510366975	0
511882546	511882546	玛利亚--克星	511882546	0
513059004	513059004	玛丽亚-小东	513059004	0
514657115	514657115	玛丽亚-余暇	514657115	0
514754214	514754214	玛丽亚_球	514754214	0
517507780	517507780	玛利亚--忆	517507780	0
517674847	517674847	玛丽亚--序	517674847	0
521662657	521662657	玛丽亚-低调	521662657	0
522068861	522068861	玛利亚-格调	522068861	0
522529627	522529627	玛利亚-冷色调	522529627	0
522805559	522805559	玛丽亚--遗弃	522805559	0
523103696	523103696	玛利亚-非得已	523103696	0
526422574	526422574	玛利亚-鹰眼	526422574	0
526646464	526646464	玛丽亚--天照	526646464	0
528337998	528337998	玛丽亚-新人	528337998	0
530593932	530593932	玛丽亚--丶冷	530593932	0
531933614	531933614	玛利亚--糖纸	531933614	0
532558324	532558324	玛丽亚--丶涵涵	532558324	0
534488299	534488299	玛利亚--夜雨	534488299	0
534543750	534543750	玛丽亚--小虾	534543750	0
540245198	540245198	玛丽-上善若水	540245198	0
541999731	541999731	玛丽亚-幻	541999731	0
543050081	543050081	玛丽亚--奥特曼	543050081	0
544534763	544534763	玛利亚-小清新	544534763	0
544597859	544597859	玛利亚 -- 楠楠	544597859	0
544755554	544755554	玛丽亚--若兮	544755554	0
545065460	545065460	玛利亚--达芬奇	545065460	0
545804401	545804401	玛丽亚--泡泡	545804401	0
547649821	547649821	玛利亚－小战神	547649821	0
549498541	549498541	玛丽亚--俊佚	549498541	0
550214388	550214388	玛丽亚--密 码	550214388	0
550520651	550520651	玛利亚--猛	123456	10
552360657	552360657	玛丽亚--魔光	552360657	0
553686375	553686375	玛丽亚-剑熙	553686375	0
563555303	563555303	玛丽亚-彬彬	563555303	0
568443035	568443035	玛利亚诠释幸福	568443035	0
568982172	568982172	玛利亚-恭丶维	568982172	0
569277520	569277520	玛利亚-紫琉璃	569277520	0
570457950	570457950	薇薇安-夜晓暗	570457950	0
574026782	574026782	玛利亚123	574026782	0
574803754	574803754	玛利亚-樱花	574803754	0
576171492	576171492	玛丽亚--执恋	576171492	0
577723758	577723758	玛丽亚--嘴角	577723758	0
578964326	578964326	玛丽亚--神说	578964326	0
582490353	582490353	玛利亚--放抗	582490353	0
584333682	584333682	玛利亚-主流	584333682	0
591504701	591504701	玛丽亚--回、忆	591504701	0
591834020	591834020	玛丽亚--小黑	591834020	0
592688556	592688556	玛利亚--艺轩	592688556	0
592757484	592757484	玛利亚--黯	592757484	0
594322448	594322448	夏至未至	594322448	0
594331169	594331169	玛利亚-帅哥弟	594331169	0
595170946	595170946	玛利亚-烨总汇	595170946	0
595514528	595514528	玛丽亚--小久子	595514528	0
597031411	597031411	玛利亚-小龙	597031411	0
604893515	604893515	玛丽亚--秋风	604893515	0
605587006	605587006	玛丽亚--搁浅	605587006	0
605739030	605739030	玛利亚-精灵王	605739030	0
610676921	610676921	玛利亚-卡勒斯	610676921	0
617615453	617615453	玛利亚-lisanice	617615453	0
619351349	619351349	玛利亚--黄瓜	619351349	0
619854065	619854065	玛丽亚-非常	619854065	0
623809929	623809929	玛丽亚--陌生人	623809929	0
624106502	624106502	玛利亚-未名	624106502	0
624277237	624277237	玛利亚-二奶瓶	624277237	0
624426127	624426127	 玛丽亚--游戏	624426127	0
624553280	624553280	玛丽亚--Miao	624553280	0
625179457	625179457	玛利亚-老吴	625179457	0
625569566	625569566	玛利亚--穷开心	625569566	0
625602297	625602297	★面码丶	625602297	0
627585074	627585074	玛丽亚--青稚	627585074	0
627941578	627941578	玛利亚-队长	627941578	0
630452130	630452130	玛利亚-节奏	630452130	0
631531614	631531614	微微安--黑龙	631531614	0
632331082	632331082	玛丽亚--爱恋	632331082	0
634966152	634966152	薇薇安-新秀	634966152	0
642287006	642287006	玛利亚--意外	642287006	0
645218736	645218736	薇薇安--怀旧丨	645218736	0
645461904	645461904	t一女人、无须百依百顺。	645461904	0
646422652	646422652	玛利亚-轩天	646422652	0
649353895	649353895	玛丽亚-筱w	649353895	0
649876712	649876712	薇薇安--少年	649876712	0
651882463	651882463	玛利亚-冒险王	651882463	0
652227671	652227671	玛丽-迪奥爆了	652227671	0
670367077	670367077	玛利亚―机械	670367077	0
674189986	674189986	玛丽亚--爱read	123456789	3
674312190	674312190	玛丽亚-小圆	969626596	2
674840625	674840625	玛丽亚-CcCo婷	674840625	0
691263711	691263711	玛利亚银狐K快	691263711	0
694626412	694626412	玛丽亚--xiao丶磊	694626412	0
695040357	695040357	玛丽亚-猫咪	695040357	0
704080844	704080844	玛利亚-小油菜	704080844	0
707024611	707024611	玛丽亚--心劫	707024611	0
709695948	709695948	玛丽亚--多吉	709695948	0
710074552	710074552	玛丽亚--君	710074552	0
724638071	724638071	玛丽亚--云仔	724638071	0
727171303	727171303	玛丽亚--果冻	727171303	0
731720617	731720617	玛丽亚--紫龙	731720617	0
735377396	735377396	玛利亚---北寂	735377396	0
735462145	735462145	玛丽-霹雳	735462145	0
736081552	736081552	玛利亚-天天	736081552	0
736199257	736199257	 玛丽亚--陌小洛	736199257	0
736318426	736318426	玛丽亚--天堂	736318426	0
736876779	736876779	玛利亚-小一	736876779	0
740715325	740715325	玛丽亚--烬浅	740715325	0
741650606	741650606	玛利亚-小帅	741650606	0
742804095	742804095	玛利亚-法师	742804095	0
744385538	744385538	玛丽亚-彬	744385538	1
747777153	747777153	玛利亚 cz	747777153	0
747941297	747941297	玛利亚-怪兽	747941297	0
754138719	754138719	玛丽亚--红颜	754138719	0
754547717	754547717	玛利亚-凹凸曼	754547717	0
756631477	756631477	玛利亚--银时	756631477	1
756637367	756637367	玛利亚--人品	756637367	0
757106364	757106364	玛利亚--男爵	757106364	0
759382788	759382788	玛丽亚--尕战	759382788	0
759505879	759505879	玛丽亚须臾之北	759505879	0
759588163	759588163	玛丽亚―欢。	759588163	0
760409002	760409002	玛利亚-公主	760409002	0
763268469	763268469	玛丽亚 继续2	763268469	0
771641308	771641308	玛丽亚―糊涂蛋	771641308	0
772165253	772165253	玛丽亚--守护	772165253	0
774225160	774225160	玛利亚―2012年	774225160	0
774724775	774724775	玛利亚-迷肽	774724775	0
775645399	775645399	玛利亚--恶魔	775645399	0
778648751	778648751	玛利亚--张良	778648751	0
779640486	779640486	玛丽亚--安然	779640486	0
781853584	781853584	玛丽亚-Frank无聊	781853584	0
784406408	784406408	玛丽亚--馄饨	784406408	0
785930125	785930125	玛丽亚--n1ce	785930125	0
790058805	790058805	玛利亚--雷锋	790058805	0
790203467	790203467	玛丽亚--温柔	790203467	0
791643044	791643044	玛利亚--少爷	791643044	0
794173516	794173516	玛丽亚--苏泽	794173516	0
804927143	804927143	玛丽亚-无爽	804927143	0
806246175	806246175	玛利亚-小情歌	806246175	0
806417947	806417947	玛利亚-悠悠	806417947	0
807761189	807761189	玛丽亚-冷月	807761189	0
809127840	809127840	玛利亚--神箭	809127840	0
809715979	809715979	玛利亚-backnow2	809715979	0
809729381	809729381	玛丽亚--iphone5GS	809729381	0
810033436	810033436	玛丽亚--NPC001	810033436	0
810402555	810402555	玛利亚--豆腐	810402555	0
813583863	813583863	玛利亚-冷锋	813583863	0
814257669	814257669	玛利亚-新会	814257669	0
814830701	814830701	玛丽亚--混蛋	814830701	0
815417748	815417748	玛利亚--人生	815417748	0
815708092	815708092	玛丽亚-Rush小呆	815708092	0
821595724	821595724	玛丽亚-枫色	821595724	0
821680401	821680401	玛利亚--小光头	821680401	0
823116740	823116740	玛利亚-倾听	823116740	0
825302636	825302636	玛丽亚无人驾驶	825302636	0
825403102	825403102	玛丽亚-魂子	825403102	0
825466149	825466149	薇薇安武帝hunter	825466149	0
835941308	835941308	玛丽亚--赤炎	835941308	0
836478053	836478053	薇薇安-小鬼鬼	836478053	4
839264163	839264163	微微安--童年	839264163	0
839324790	839324790	玛丽亚-黯夜	839324790	0
839708400	839708400	玛丽亚-天然呆	839708400	0
841242359	841242359	玛利亚--暗夜	841242359	0
846396197	846396197	玛丽亚-辉煌	846396197	0
848161713	848161713	玛丽亚--耗籽	848161713	0
849014338	849014338	玛丽亚-清风	849014338	0
854306647	854306647	玛丽亚--iphone3GS	854306647	0
854542065	854542065	玛利亚--fight你	854542065	0
859713186	859713186	玛丽亚-大叔	859713186	0
863581900	863581900	玛丽亚-邻家	863581900	0
864291121	864291121	玛利亚 抹茶丶	864291121	0
865202184	865202184	玛利亚--吴痕	865202184	0
869832705	869832705	玛丽亚--瑞少	869832705	0
871900415	871900415	玛利亚-阿剑	871900415	0
873747456	873747456	玛丽亚--豹纹	873747456	0
874597591	874597591	玛利亚--温特桑	874597591	0
874871928	874871928	玛丽亚-霸气	874871928	0
875863846	875863846	玛利亚--狗患	875863846	0
876848246	876848246	薇薇安-海	876848246	0
877794758	877794758	玛利亚-暴力	877794758	0
879888561	879888561	玛丽亚-弑情	879888561	0
893077879	893077879	玛丽亚--疯子	893077879	0
893132119	893132119	玛利亚--求战	893132119	0
896159601	896159601	玛丽亚-.小青年	896159601	0
905020618	905020618	冒险岛-Jay	905020618	0
905046694	905046694	玛丽亚--弥撒	905046694	0
905288258	905288258	玛丽亚--御龙	905288258	0
906566365	906566365	玛丽亚--莫欺少	906566365	0
906941713	906941713	玛利亚--果儿	906941713	0
906963928	906963928	薇薇安--清枫	906963928	0
908881244	908881244	微微安--八神	908881244	0
912596462	912596462	玛丽亚--陌美	912596462	0
914220678	914220678	玛丽亚--彩虹龙	914220678	0
916086627	916086627	玛丽亚-军爷	916086627	1
916457391	916457391	薇薇安--小双刀	916457391	0
916919637	916919637	玛利亚--应五五	916919637	0
918528532	918528532	微微安-暗红色	918528532	0
919132428	919132428	玛利亚-哎呀	919132428	0
920852104	920852104	玛丽亚-梦碎	920852104	0
924128463	924128463	玛利亚--有钱	924128463	0
925036428	925036428	玛利亚--君君	925036428	0
932447484	932447484	玛丽亚-丶da楠	932447484	0
936665729	936665729	玛丽亚-战沥	936665729	0
939304734	939304734	玛利亚-泡影	939304734	0
939952134	939952134	玛利亚-狂舞	939952134	0
942985788	942985788	玛利亚・8年回忆	942985788	0
949302050	949302050	玛丽亚-灬牛小	949302050	0
949722698	949722698	玛利亚--唯 ⒈ 	949722698	0
957131970	957131970	玛利亚-留恋	957131970	0
957449370	957449370	玛丽亚主教林	957449370	0
969523536	969523536	玛丽亚--睡觉	969523536	0
974195998	974195998	玛丽亚_.阿狸	974195998	0
974548900	974548900	玛丽亚 wīи馨 	974548900	0
979176454	979176454	玛丽亚-小人物	979176454	0
980381358	980381358	玛丽亚_公仔	980381358	0
981064895	981064895	玛丽亚-林子	981064895	0
982224722	982224722	岭上闲云	982224722	0
985679464	985679464	玛利亚--红霉素	985679464	0
985778080	985778080	玛利亚-谎言	985778080	0
987958642	987958642	玛利亚-小M	987958642	0
991077002	991077002	玛丽亚-暗涌	991077002	0
993293736	993293736	玛利亚-小露	993293736	0
993478267	993478267	玛丽亚--小人	993478267	0
993529397	993529397	玛丽亚--小男孩	993529397	0
995140226	995140226	玛丽亚-矜持	995140226	0
1007524915	1007524915	 玛利亚―小竹	1007524915	0
1009383511	1009383511	玛丽亚-永恒	1009383511	0
1017549039	1017549039	玛丽亚--小望	1017549039	0
1024065880	1024065880	玛利亚-谁懂	1024065880	0
1024899032	1024899032	玛丽亚--樱花	1024899032	0
1025717843	1025717843	玛丽亚--幸福是	1025717843	0
1031885473	1031885473	玛丽亚-吃粑粑	1031885473	0
1033031249	1033031249	玛利亚-赤雪	1033031249	0
1044391350	1044391350	玛丽亚--丫丫	1044391350	0
1055061722	1055061722	玛丽亚--黑桃	1055061722	0
1061407792	1061407792	微微安--Miss	1061407792	0
1064362475	1064362475	玛丽亚-尼马	1064362475	0
1078096899	1078096899	玛利亚-浮生	1078096899	0
1091572330	1091572330	玛丽亚-可雪碧	1091572330	0
1097655722	1097655722	玛利亚-尕义	1097655722	0
1098722416	1098722416	玛利亚卡牌大师	1098722416	0
1098912689	1098912689	玛利亚--悲伤	1098912689	0
1109832332	1109832332	玛利亚\□天空	1109832332	0
1115884567	1115884567	玛丽亚-saber	1115884567	0
1130288551	1130288551	 玛丽亚--兮饭	1130288551	0
1136045339	1136045339	某年某月的某天爱上某个人	1136045339	0
1136446308	1136446308	玛丽亚--若殇	1136446308	0
1138236436	1138236436	玛利亚-卩oO夜光	1138236436	2
1145505328	1145505328	雪吉拉--D成 	1145505328	0
1149433427	1149433427	玛丽亚--小怪	1149433427	0
1149599172	1149599172	玛丽亚--帅帅	1149599172	0
1156045382	1156045382	玛利亚度秒如年	1156045382	0
1156635631	1156635631	玛利亚--雅轩	1156635631	0
1170799734	1170799734	薇薇安―矛站	1170799734	0
1178501883	1178501883	玛丽亚--一刀	1178501883	0
1183298516	1183298516	玛利亚―暖暖	1183298516	0
1198069874	1198069874	玛丽亚-游戏控	1198069874	0
1216333962	1216333962	玛利亚-回梦	1216333962	0
1224417846	1224417846	玛利亚--小1	1224417846	0
1227048451	1227048451	玛丽亚-阐释者	1227048451	0
1239025506	1239025506	玛利亚-沫沫	1239025506	0
1242516409	1242516409	玛丽亚-七七	1242516409	0
1256225922	1256225922	玛丽亚-微笑	1256225922	0
1257084388	1257084388	玛丽亚-怪人	1257084388	0
1269316133	1269316133	玛丽亚--鸭鸭	1269316133	0
1272156581	1272156581	玛丽亚-冰凉	1272156581	0
1272354212	1272354212	玛丽娅 邪纳	1272354212	0
1292402225	1292402225	薇薇安-麻烦	1292402225	0
1297575978	1297575978	玛利亚--红茶	1297575978	0
1300946905	1300946905	玛丽亚-传说	1300946905	0
1306036576	1306036576	玛丽亚--墨迹	1306036576	0
1309820769	1309820769	玛丽亚-浅歌	1309820769	1
1311435871	1311435871	玛利亚--呐枫落	1311435871	0
1325155598	1325155598	玛丽亚--闹闹	1325155598	0
1325324540	1325324540	玛丽亚--小波	1325324540	0
1325995581	1325995581	玛丽亚--阿混	1325995581	0
1361732914	1361732914	玛利亚-/bu恶人	1361732914	3
1369875128	1369875128	玛丽亚-泡泡	1369875128	0
1372194998	1372194998	玛丽亚-闲人	1372194998	0
1377524499	1377524499	玛丽亚-搓澡	1377524499	0
1379495094	1379495094	玛丽亚--番茄	1379495094	0
1416560903	1416560903	玛利亚--佐鼬	1416560903	0
1417076960	1417076960	玛丽亚--晴人	1417076960	0
1445280408	1445280408	玛利亚--小胡	1445280408	0
1455293326	1455293326	玛利亚-小调皮	1455293326	0
1462089085	1462089085	玛丽亚-海是什	1462089085	0
1466983313	1466983313	玛丽亚―彼岸	1466983313	0
1477135836	1477135836	玛丽亚-夜光	1477135836	0
1479494795	1479494795	薇薇安--娜娜	1479494795	0
1512213700	1512213700	玛利亚--小龙女	1512213700	0
1515918718	1515918718	玛丽亚-洗澡	1515918718	0
1600854122	1600854122	玛丽亚--小波丶-	1600854122	0
1638182634	1638182634	玛丽亚--格调	1638182634	0
1640604907	1640604907	玛利亚-惯性	1640604907	0
1641445571	1641445571	冒险丶木木	1641445571	0
1647727563	1647727563	玛利亚--达人G	1647727563	0
1653118982	1653118982	玛利亚--国务院	1653118982	0
1657438688	1657438688	薇薇安--石头	1657438688	0
1683561219	1683561219	薇薇安-尼禄Nero	1683561219	1
1715204033	1715204033	玛丽亚--残妆	1715204033	0
1715708413	1715708413	薇薇安--镁宜	1715708413	0
1737583715	1737583715	微微安-hero灬	1737583715	0
1747964627	1747964627	玛利亚-娃娃	1747964627	0
1780110456	1780110456	玛丽亚--亦念	1780110456	0
1798352540	1798352540	玛利亚-猫咪	1798352540	0
1917542823	1917542823	微微安－云	1917542823	0
1922188680	1922188680	玛丽亚-龙神	1922188680	0
1927688898	1927688898	玛丽亚-稻草	1927688898	0
1930509988	1930509988	玛丽亚社会大飞	1930509988	0
1955667374	1955667374	雪吉拉--咩滴可	1955667374	0
1971561296	1971561296	玛利亚- 小津	1971561296	0
2223626087	2223626087	玛丽亚好啦我哦	2223626087	0
2236589974	2236589974	玛利亚-{染	2236589974	0
2237094172	2237094172	玛丽云在风用飘	2237094172	0
2276117110	2276117110	玛利亚-要紧110	2276117110	0
2285615051	2285615051	玛丽亚--名	2285615051	0
2358967164	2358967164	玛丽亚-传说	2358967164	0
2360481620	2360481620	玛丽亚--雪儿	2360481620	0
2426468913	2426468913	玛丽亚-为了谁	2426468913	0
2521496754	2521496754	玛丽亚弓成名就	2521496754	0
2534440769	2534440769	玛丽亚四年回忆	2534440769	0
2535057471	2535057471	玛利亚-o痴痴灬	2535057471	0
2540747464	2540747464	玛丽亚--梅	2540747464	0
2564605366	2564605366	玛丽亚圣骑之光	2564605366	0
2606031947	2606031947	玛利亚--益达	2606031947	0
2633496235	2633496235	玛丽亚-聪姐姐	2633496235	0
2665128824	2665128824	玛利亚-夜影	2665128824	0
2725479840	2725479840	玛利亚-瞌睡虫0	2725479840	0
2811615340	2811615340	玛利亚-三年	2811615340	0
2861700316	2861700316	玛利亚-小豆	2861700316	0
2861898499	2861898499	玛利亚-小刀	2861898499	0
35783953	35783953	玛丽亚--挚爱	35783953	2
529375687	529375687	玛丽亚-小兮	529375687	1
674312190	674312190	玛丽亚-小圆	674312190	0
1270859440	1270859440	玛利亚--龙	1270859440	1
 410439491	 410439491	玛利亚--bond007	 410439491	6
190722801	190722801	玛丽亚-魔G左手	190722801	1
365648175	365648175	玛利亚--可乐	365648175	1
550520651	550520651	玛利亚--猛	550520651	1
121753691	121753691	玛丽亚唐丶先生	121753691	3
100553000	100553000	薇薇安--暖暖	100553000	0
740616390	740616390	玛利亚・Xenon	740616390	0
929290086	929290086	玛利亚―惜缘	929290086	0
1305669214	1305669214	玛利亚--酱缸	1305669214	0
1106847	1106847	玛丽亚-- 霸王	1106847	0
6461452	6461452	玛丽亚-龙哥	6461452	0
7161244	7161244	玛利亚-绵绵酱	7161244	0
7726294	7726294	玛丽亚-澡巾	7726294	0
8219532	8219532	玛丽亚-一生艾0	8219532	0
9152939	9152939	玛丽亚-沙砾	9152939	0
9165344	9165344	玛丽亚--芒果	9165344	0
12177762	12177762	薇薇安--叵测	12177762	0
20147231	20147231	玛丽亚--卖挂	20147231	0
39024446	39024446	玛丽亚--拉拉	39024446	0
46068128	46068128	玛利亚--演绎	46068128	0
47679943	47679943	玛利亚--金旗舰	47679943	0
53783499	53783499	玛利亚--尖塔塔	53783499	0
80324612	80324612	大力水手V布鲁托	80324612	0
80436435	80436435	玛利亚-雨天	80436435	0
81614176	81614176	玛丽亚 - 七月	81614176	0
81946350	81946350	薇薇安-小相公	81946350	0
82097241	82097241	薇薇安-暖暖	82097241	0
84642031	84642031	玛利亚--＂でιm	84642031	0
86136400	86136400	玛丽薇安∮杏	86136400	0
97117232	97117232	玛利亚--李广	97117232	0
97669961	97669961	玛丽亚―饭饭	97669961	0
108213163	108213163	玛丽亚-齐沃	108213163	0
108825890	108825890	玛利亚-小乐	108825890	0
113494010	113494010	玛丽亚--密儿	113494010	0
120213131	120213131	玛丽亚-猪仔	120213131	0
121520081	121520081	玛利亚--小猪	121520081	0
123198650	123198650	玛丽亚--万事屋d	123198650	0
124924518	124924518	玛丽亚-小哆啦	124924518	0
148085547	148085547	你是我眼中的一滴泪	148085547	0
164167218	164167218	玛丽亚--素灬颜	164167218	0
182106650	182106650	玛利亚-忘记	182106650	0
185304423	185304423	玛丽亚-坏少丶	185304423	0
185836609	185836609	玛利亚-BLUE	185836609	0
199111097	199111097	玛利亚 - 彬	199111097	0
200673730	200673730	玛丽亚--别逗	200673730	1
244457483	244457483	玛利亚-南城	244457483	0
250916032	250916032	薇薇安 阿力尕	250916032	0
253668280	253668280	玛丽亚--冰冰	253668280	0
254937452	254937452	玛丽亚-小学生	254937452	0
261131714	261131714	玛利亚心伤	261131714	0
269777268	269777268	玛丽亚-王大可	269777268	0
270084043	270084043	玛利亚-涛丶sir	270084043	0
272118854	272118854	玛利亚-小光	272118854	0
272817657	272817657	玛丽亚-Bear猴恋	272817657	0
273934280	273934280	玛利亚―香香	273934280	0
276348304	276348304	玛利亚-芥菜肉	276348304	0
276545220	276545220	玛丽亚--字母	276545220	0
276710627	276710627	玛利亚圣气临人	276710627	0
278777738	278777738	玛利亚-小欧	278777738	0
281216842	281216842	玛利亚―幻影	281216842	0
281243582	281243582	玛丽亚-回忆	281243582	0
281416298	281416298	x.l`	281416298	0
283371690	283371690	玛丽亚--风灵	283371690	0
289040297	289040297	玛丽亚―夜凄美	289040297	0
289486788	289486788	玛丽亚-小欧	289486788	0
289572647	289572647	薇薇安-敌敌畏	289572647	0
290776494	290776494	玛利亚-uncle	290776494	0
304465073	304465073	玛利亚-杂货商	304465073	0
309836453	309836453	玛丽亚-小糟	309836453	0
316223916	316223916	玛利亚--小鱼	316223916	0
316572732	316572732	玛丽亚--庸人	316572732	0
317149926	317149926	玛利亚-战士	317149926	0
317707288	317707288	玛利亚--Kleine Hai	317707288	0
328508712	328508712	玛丽亚-啊健	328508712	0
337048911	337048911	玛利亚-温柔	337048911	0
340396533	340396533	玛利亚―深蓝	340396533	0
346622860	346622860	微微安-剑煎	346622860	0
350115050	350115050	玛丽亚--糯米	350115050	0
353703163	353703163	玛丽亚--队长	353703163	0
357215313	357215313	玛丽亚--信仰	357215313	0
360184253	360184253	玛丽亚-满地跑	360184253	0
363814237	363814237	玛利亚--子衿	363814237	0
364721346	364721346	玛丽亚-右手	364721346	0
372090447	372090447	玛利亚-回忆	372090447	0
372251318	372251318	薇薇安-梦想	372251318	0
373199896	373199896	玛利亚 - 诺	373199896	0
375956590	375956590	玛丽亚-琉璃	375956590	0
378190386	378190386	薇薇安-Aran	378190386	0
382158073	382158073	玛利亚--MAX冰雷	382158073	0
383395972	383395972	玛利亚-无殇永	383395972	0
386612921	386612921	玛利亚--心已留	386612921	1
396485656	396485656	玛利亚-穷尼玛	396485656	0
407665814	407665814	玛丽亚-金亮仔	407665814	0
411314298	411314298	玛丽亚―领衔灬	411314298	0
420181848	420181848	玛利亚--夜色	420181848	0
425046182	425046182	玛利亚―陌雅	425046182	0
435506567	435506567	玛丽亚-Gentleman.	435506567	0
441824615	441824615	玛利亚-Oo宇oooO	441824615	0
444822433	444822433	蓝蜗牛-~	444822433	0
445200173	445200173	玛丽亚--超别	445200173	0
445750466	445750466	玛利亚无敌狗熊	445750466	0
447408491	447408491	玛-ABC分区总裁	447408491	0
447602727	447602727	玛利亚―淡定	447602727	0
452351449	452351449	玛利亚-挂B	452351449	0
454567642	454567642	玛利亚--妖尾	454567642	0
460807829	460807829	玛利亚-流年	460807829	0
465320963	465320963	玛丽亚--月华	465320963	0
471764196	471764196	玛利亚--vv	471764196	0
479656177	479656177	玛丽亚--零	479656177	0
494900466	494900466	薇薇安-某人	494900466	0
499791352	499791352	玛丽亚--蝉息	499791352	0
504566244	504566244	玛丽亚-旧城	504566244	0
505204561	505204561	玛丽亚回途羔羊	505204561	0
510752033	510752033	玛丽亚-鹏鹏	510752033	0
520043601	520043601	玛丽亚-小雨	520043601	0
522983865	522983865	玛利亚-Baaadboy	522983865	0
524778567	524778567	玛丽亚--美芬	524778567	0
525437745	525437745	玛丽亚-摸你傻	525437745	0
532848578	532848578	玛利亚小单纯	532848578	0
540914392	540914392	薇薇安-雅泽or	540914392	0
542047369	542047369	玛利亚-- V	542047369	0
554269674	554269674	玛丽亚-孤单	554269674	0
564869410	564869410	玛利亚--乖乖	564869410	0
564872777	564872777	玛丽亚-落樱	564872777	0
568611018	568611018	玛丽亚--柒丨	568611018	0
591130387	591130387	玛利亚--D	591130387	0
591423765	591423765	玛利亚-- 星辰	591423765	0
591511914	591511914	薇薇安-鹤er	591511914	0
594176088	594176088	薇薇安―胖哥	594176088	0
597775810	597775810	玛丽亚-血瞳	597775810	0
602254131	602254131	玛丽亚-王爷	602254131	0
603324061	603324061	薇薇安--2毛5	603324061	0
610451125	610451125	玛利亚--相依	610451125	0
625733407	625733407	薇薇安～柚木N'	625733407	0
632371652	632371652	玛丽亚-棒棒	632371652	0
641541448	641541448	玛丽亚-卧小龙	641541448	0
646830196	646830196	玛丽亚--霸道	646830196	0
654099395	654099395	薇薇安-暗夜	654099395	0
664788035	664788035	玛丽亚-许热	664788035	0
707929478	707929478	薇薇安--东仔	707929478	0
714695239	714695239	玛丽亚-Blues丶方	714695239	0
719344441	719344441	玛丽亚-浪淘沙	719344441	0
735859784	735859784	玛丽亚--伊恒	735859784	0
747148503	747148503	神木-质能方程	747148503	0
767599498	767599498	玛丽亚--木子桀	767599498	0
772880004	772880004	玛丽亚--内裤	772880004	0
774206444	774206444	有一天，回到原点	774206444	0
785131982	785131982	玛利亚―如果	785131982	0
791264827	791264827	玛丽亚-霸气	791264827	0
798729844	798729844	玛利亚-杰里米	798729844	0
810474209	810474209	玛丽亚--筱染	810474209	0
815635260	815635260	玛利亚―英雄	815635260	0
827053951	827053951	玛利亚-失心	827053951	0
844935048	844935048	薇薇安--LOL	844935048	0
854541011	854541011	玛利亚-慕容	854541011	0
861730119	861730119	玛利亚空城旧梦	861730119	0
874468742	874468742	玛利亚--Canong	874468742	0
879786372	879786372	玛利亚---夜光	879786372	0
892722342	892722342	玛利亚--喜欢	892722342	0
896176217	896176217	玛利亚--醉今宵	896176217	0
897004312	897004312	玛利亚-纯情	897004312	0
903218126	903218126	薇薇安―大逗逼	903218126	0
913902844	913902844	玛丽亚-蛮蛮	913902844	0
921293002	921293002	玛丽亚--双刀X丶	921293002	0
923634227	923634227	玛利亚--地精	923634227	1
924423669	924423669	薇薇安--祈灵	924423669	0
930250237	930250237	玛丽亚-新奇	930250237	0
937125098	937125098	玛利亚--帅帅	937125098	0
942752223	942752223	薇薇安-态度	942752223	0
944757225	944757225	薇薇安-水桥	944757225	0
946120150	946120150	玛丽亚--伊人	946120150	0
951211288	951211288	薇薇安-or丶	951211288	0
985483874	985483874	玛丽亚--新弦	985483874	0
1002434936	1002434936	玛利亚V龙兽	1002434936	0
1002887749	1002887749	玛丽亚--明倬宇	1002887749	0
1025541810	1025541810	玛利亚-果奶	1025541810	0
1034556948	1034556948	薇薇安~小乖	1034556948	0
1041873323	1041873323	玛丽亚-失去	1041873323	0
1048722587	1048722587	玛利亚-小爱	1048722587	0
1054000484	1054000484	玛丽亚-M	1054000484	0
1069598010	1069598010	玛利亚 旧甍	1069598010	0
1095055315	1095055315	玛利亚--期望	1095055315	0
1098323405	1098323405	玛丽秋风萧瑟	1098323405	0
1106216257	1106216257	玛利亚-小主教	1106216257	1
1124213920	1124213920	玛丽亚--星君	1124213920	0
1125473233	1125473233	玛利亚--买表	1125473233	0
1169191205	1169191205	玛利亚-青鸟、	1169191205	0
1171894664	1171894664	玛利亚-飞鹤	1171894664	0
1173531265	1173531265	玛丽亚--小米粒	1173531265	0
1181872287	1181872287	玛利亚-不爱	1181872287	0
1193214657	1193214657	玛利亚岚之监护	1193214657	0
1196036868	1196036868	薇薇安-阿狸	1196036868	0
1256432212	1256432212	玛利亚--虫虫	1256432212	0
1277879303	1277879303	玛利亚-血祭	1277879303	0
1300146353	1300146353	玛丽亚--黄金	1300146353	0
1335756222	1335756222	玛丽亚--尕迷	1335756222	0
1350500422	1350500422	玛利亚-小 兮	1350500422	0
1512690261	1512690261	玛利亚-冥	1512690261	0
1517298953	1517298953	薇薇安-春雨朦	1517298953	0
1520547500	1520547500	薇薇安--距离	1520547500	0
1541556333	1541556333	薇薇安--哎呦呦	1541556333	0
1550279811	1550279811	玛利亚-和谐君	1550279811	0
1612411796	1612411796	薇薇安--失心疯	1612411796	0
1640671670	1640671670	玛丽亚-小u	1640671670	0
1713406512	1713406512	玛利亚-斋饭	1713406512	0
1764829783	1764829783	玛丽亚--标飞	1764829783	0
1779881826	1779881826	玛利亚--啦啦	1779881826	0
1783121500	1783121500	玛利亚--7	1783121500	0
1804699276	1804699276	玛丽亚-Another	1804699276	0
1808138362	1808138362	玛利亚--后来	1808138362	0
1830400800	1830400800	玛利亚--指柔	1830400800	0
1969319044	1969319044	玛利亚-大脸	1969319044	0
2012108955	2012108955	玛丽亚-糖豆	2012108955	0
2016707021	2016707021	玛丽亚 - 小津丶	2016707021	0
2244797291	2244797291	玛利亚-小小望	2244797291	0
2292798287	2292798287	玛利亚--蝉约	2292798287	0
2306069366	2306069366	玛利亚--狼小狂	2306069366	0
2409140069	2409140069	玛丽亚--焦糖	2409140069	0
2524127378	2524127378	玛利亚―星葵	2524127378	0
2534523520	2534523520	玛丽亚-光暖	2534523520	0
2545290300	2545290300	玛丽亚--挪威	2545290300	0
2579033782	2579033782	玛利亚-八仙	2579033782	0
2725780029	2725780029	玛----冰河时代	2725780029	0
2745909410	2745909410	玛利亚-前缘	2745909410	0
2776135045	2776135045	玛丽亚 - KKK	2776135045	0
2901811498	2901811498	玛丽亚-Buick	2901811498	1
2922166551	2922166551	玛丽亚-狗蛋儿	2922166551	0
2923997559	2923997559	玛丽亚--e橘子	2923997559	0
2970828243	2970828243	玛丽亚--晴天	2970828243	0
